O 700.134201
-47000000
-46832031
-46664063
-46496094
-46328125
-46160156
-45992188
-45824219
-45656250
-45488281
-45320313
-45152344
-44984375
-44816406
-44648438
-44480469
-44312500
-44144531
-43976563
-43808594
-43640625
-43472656
-43304688
-43136719
-42968750
-42800781
-42632813
-42464844
-42296875
-42128906
-41960938
-41792969
-41625000
-41457031
-41289063
-41121094
-40953125
-40785156
-40617188
-40449219
-40281250
-40113281
-39945313
-39777344
-39609375
-39441406
-39273438
-39105469
-38937500
-38769531
-38601563
-38433594
-38265625
-38097656
-37929688
-37761719
-37593750
-37425781
-37257813
-37089844
-36921875
-36753906
-36585938
-36417969
-36250000
-36082031
-35914063
-35746094
-35578125
-35410156
-35242188
-35074219
-34906250
-34738281
-34570313
-34402344
-34234375
-34066406
-33898438
-33730469
-33562500
-33394531
-33226563
-33058594
-32890625
-32722656
-32554688
-32386719
-32218750
-32050781
-31882813
-31714844
-31546875
-31378906
-31210938
-31042969
-30875000
-30707031
-30539063
-30371094
-30203125
-30035156
-29867188
-29699219
-29531250
-29363281
-29195313
-29027344
-28859375
-28691406
-28523438
-28355469
-28187500
-28019531
-27851563
-27683594
-27515625
-27347656
-27179688
-27011719
-26843750
-26675781
-26507813
-26339844
-26171875
-26003906
-25835938
-25667969
-25500000
-25332031
-25164063
-24996094
-24828125
-24660156
-24492188
-24324219
-24156250
-23988281
-23820313
-23652344
-23484375
-23316406
-23148438
-22980469
-22812500
-22644531
-22476563
-22308594
-22140625
-21972656
-21804688
-21636719
-21468750
-21300781
-21132813
-20964844
-20796875
-20628906
-20460938
-20292969
-20125000
-19957031
-19789063
-19621094
-19453125
-19285156
-19117188
-18949219
-18781250
-18613281
-18445313
-18277344
-18109375
-17941406
-17773438
-17605469
-17437500
-17269531
-17101563
-16933594
-16765625
-16597656
-16429688
-16261719
-16093750
-15925781
-15757813
-15589844
-15421875
-15253906
-15085938
-14917969
-14750000
-14582031
-14414063
-14246094
-14078125
-13910156
-13742188
-13574219
-13406250
-13238281
-13070313
-12902344
-12734375
-12566406
-12398438
-12230469
-12062500
-11894531
-11726563
-11558594
-11390625
-11222656
-11054688
-10886719
-10718750
-10550781
-10382813
-10214844
-10046875
-9878906
-9710938
-9542969
-9375000
-9207031
-9039063
-8871094
-8703125
-8535156
-8367188
-8199219
-8031250
-7863281
-7695313
-7527344
-7359375
-7191406
-7023438
-6855469
-6687500
-6519531
-6351563
-6183594
-6015625
-5847656
-5679688
-5511719
-5343750
-5175781
-5007813
-4839844
-4671875
-4503906
-4335938
-4167969
-4000000
-3984344
-3968689
-3953033
-3937378
-3921722
-3906067
-3890411
-3874755
-3859100
-3843444
-3827789
-3812133
-3796477
-3780822
-3765166
-3749511
-3733855
-3718200
-3702544
-3686888
-3671233
-3655577
-3639922
-3624266
-3608611
-3592955
-3577299
-3561644
-3545988
-3530333
-3514677
-3499022
-3483366
-3467710
-3452055
-3436399
-3420744
-3405088
-3389432
-3373777
-3358121
-3342466
-3326810
-3311155
-3295499
-3279843
-3264188
-3248532
-3232877
-3217221
-3201566
-3185910
-3170254
-3154599
-3138943
-3123288
-3107632
-3091977
-3076321
-3060665
-3045010
-3029354
-3013699
-2998043
-2982387
-2966732
-2951076
-2935421
-2919765
-2904110
-2888454
-2872798
-2857143
-2841487
-2825832
-2810176
-2794521
-2778865
-2763209
-2747554
-2731898
-2716243
-2700587
-2684932
-2669276
-2653620
-2637965
-2622309
-2606654
-2590998
-2575342
-2559687
-2544031
-2528376
-2512720
-2497065
-2481409
-2465753
-2450098
-2434442
-2418787
-2403131
-2387476
-2371820
-2356164
-2340509
-2324853
-2309198
-2293542
-2277886
-2262231
-2246575
-2230920
-2215264
-2199609
-2183953
-2168297
-2152642
-2136986
-2121331
-2105675
-2090020
-2074364
-2058708
-2043053
-2027397
-2011742
-1996086
-1980431
-1964775
-1949119
-1933464
-1917808
-1902153
-1886497
-1870841
-1855186
-1839530
-1823875
-1808219
-1792564
-1776908
-1761252
-1745597
-1729941
-1714286
-1698630
-1682975
-1667319
-1651663
-1636008
-1620352
-1604697
-1589041
-1573386
-1557730
-1542074
-1526419
-1510763
-1495108
-1479452
-1463796
-1448141
-1432485
-1416830
-1401174
-1385519
-1369863
-1354207
-1338552
-1322896
-1307241
-1291585
-1275930
-1260274
-1244618
-1228963
-1213307
-1197652
-1181996
-1166341
-1150685
-1135029
-1119374
-1103718
-1088063
-1072407
-1056751
-1041096
-1025440
-1009785
 -994129
 -978474
 -962818
 -947162
 -931507
 -915851
 -900196
 -884540
 -868885
 -853229
 -837573
 -821918
 -806262
 -790607
 -774951
 -759295
 -743640
 -727984
 -712329
 -696673
 -681018
 -665362
 -649706
 -634051
 -618395
 -602740
 -587084
 -571429
 -555773
 -540117
 -524462
 -508806
 -493151
 -477495
 -461840
 -446184
 -430528
 -414873
 -399217
 -383562
 -367906
 -352250
 -336595
 -320939
 -305284
 -289628
 -273973
 -258317
 -242661
 -227006
 -211350
 -195695
 -180039
 -164384
 -148728
 -133072
 -117417
 -101761
  -86106
  -70450
  -54795
  -39139
  -23483
   -7828
    7828
   23483
   39139
   54795
   70450
   86106
  101761
  117417
  133072
  148728
  164384
  180039
  195695
  211350
  227006
  242661
  258317
  273973
  289628
  305284
  320939
  336595
  352250
  367906
  383562
  399217
  414873
  430528
  446184
  461840
  477495
  493151
  508806
  524462
  540117
  555773
  571429
  587084
  602740
  618395
  634051
  649706
  665362
  681018
  696673
  712329
  727984
  743640
  759295
  774951
  790607
  806262
  821918
  837573
  853229
  868885
  884540
  900196
  915851
  931507
  947162
  962818
  978474
  994129
 1009785
 1025440
 1041096
 1056751
 1072407
 1088063
 1103718
 1119374
 1135029
 1150685
 1166341
 1181996
 1197652
 1213307
 1228963
 1244618
 1260274
 1275930
 1291585
 1307241
 1322896
 1338552
 1354207
 1369863
 1385519
 1401174
 1416830
 1432485
 1448141
 1463796
 1479452
 1495108
 1510763
 1526419
 1542074
 1557730
 1573386
 1589041
 1604697
 1620352
 1636008
 1651663
 1667319
 1682975
 1698630
 1714286
 1729941
 1745597
 1761252
 1776908
 1792564
 1808219
 1823875
 1839530
 1855186
 1870841
 1886497
 1902153
 1917808
 1933464
 1949119
 1964775
 1980431
 1996086
 2011742
 2027397
 2043053
 2058708
 2074364
 2090020
 2105675
 2121331
 2136986
 2152642
 2168297
 2183953
 2199609
 2215264
 2230920
 2246575
 2262231
 2277886
 2293542
 2309198
 2324853
 2340509
 2356164
 2371820
 2387476
 2403131
 2418787
 2434442
 2450098
 2465753
 2481409
 2497065
 2512720
 2528376
 2544031
 2559687
 2575342
 2590998
 2606654
 2622309
 2637965
 2653620
 2669276
 2684932
 2700587
 2716243
 2731898
 2747554
 2763209
 2778865
 2794521
 2810176
 2825832
 2841487
 2857143
 2872798
 2888454
 2904110
 2919765
 2935421
 2951076
 2966732
 2982387
 2998043
 3013699
 3029354
 3045010
 3060665
 3076321
 3091977
 3107632
 3123288
 3138943
 3154599
 3170254
 3185910
 3201566
 3217221
 3232877
 3248532
 3264188
 3279843
 3295499
 3311155
 3326810
 3342466
 3358121
 3373777
 3389432
 3405088
 3420744
 3436399
 3452055
 3467710
 3483366
 3499022
 3514677
 3530333
 3545988
 3561644
 3577299
 3592955
 3608611
 3624266
 3639922
 3655577
 3671233
 3686888
 3702544
 3718200
 3733855
 3749511
 3765166
 3780822
 3796477
 3812133
 3827789
 3843444
 3859100
 3874755
 3890411
 3906067
 3921722
 3937378
 3953033
 3968689
 3984344
 4000000
 4167969
 4335937
 4503906
 4671875
 4839844
 5007812
 5175781
 5343750
 5511719
 5679687
 5847656
 6015625
 6183594
 6351562
 6519531
 6687500
 6855469
 7023437
 7191406
 7359375
 7527344
 7695312
 7863281
 8031250
 8199219
 8367187
 8535156
 8703125
 8871094
 9039062
 9207031
 9375000
 9542969
 9710937
 9878906
10046875
10214844
10382812
10550781
10718750
10886719
11054687
11222656
11390625
11558594
11726562
11894531
12062500
12230469
12398437
12566406
12734375
12902344
13070312
13238281
13406250
13574219
13742187
13910156
14078125
14246094
14414062
14582031
14750000
14917969
15085937
15253906
15421875
15589844
15757812
15925781
16093750
16261719
16429687
16597656
16765625
16933594
17101562
17269531
17437500
17605469
17773437
17941406
18109375
18277344
18445312
18613281
18781250
18949219
19117187
19285156
19453125
19621094
19789062
19957031
20125000
20292969
20460937
20628906
20796875
20964844
21132812
21300781
21468750
21636719
21804687
21972656
22140625
22308594
22476562
22644531
22812500
22980469
23148437
23316406
23484375
23652344
23820312
23988281
24156250
24324219
24492187
24660156
24828125
24996094
25164062
25332031
25500000
25667969
25835937
26003906
26171875
26339844
26507812
26675781
26843750
27011719
27179687
27347656
27515625
27683594
27851562
28019531
28187500
28355469
28523437
28691406
28859375
29027344
29195312
29363281
29531250
29699219
29867187
30035156
30203125
30371094
30539062
30707031
30875000
31042969
31210937
31378906
31546875
31714844
31882812
32050781
32218750
32386719
32554687
32722656
32890625
33058594
33226562
33394531
33562500
33730469
33898437
34066406
34234375
34402344
34570312
34738281
34906250
35074219
35242187
35410156
35578125
35746094
35914062
36082031
36250000
36417969
36585937
36753906
36921875
37089844
37257812
37425781
37593750
37761719
37929687
38097656
38265625
38433594
38601562
38769531
38937500
39105469
39273437
39441406
39609375
39777344
39945312
40113281
40281250
40449219
40617187
40785156
40953125
41121094
41289062
41457031
41625000
41792969
41960937
42128906
42296875
42464844
42632812
42800781
42968750
43136719
43304687
43472656
43640625
43808594
43976562
44144531
44312500
44480469
44648437
44816406
44984375
45152344
45320312
45488281
45656250
45824219
45992187
46160156
46328125
46496094
46664062
46832031
47000000
